[gd_scene load_steps=2 format=3 uid="uid://s05nrnh6ri22"]

[ext_resource type="PackedScene" uid="uid://byrwpxab62ur2" path="res://mannequiny/mannequiny-0.3.0.glb" id="1_35cao"]

[node name="Mannequiney" instance=ExtResource("1_35cao")]

[node name="Skeleton3D" parent="root" index="0"]
bones/0/rest = Transform3D(0.962528, 0.0655853, 0.263129, -0.187547, 0.861836, 0.471238, -0.195867, -0.502929, 0.841843, -0.00275962, 0.966413, 0.214285)
bones/0/position = Vector3(-0.00730738, 0.965491, 0.255496)
bones/0/rotation = Quaternion(0.130706, 0.14469, -0.0101097, 0.980754)
bones/1/rest = Transform3D(0.210395, 0.350089, 0.912777, 0.587304, -0.791639, 0.168285, 0.781544, 0.500645, -0.372184, 0.101935, -0.0260148, 0.00481083)
bones/1/rotation = Quaternion(0.752712, 0.0995244, 0.650568, 0.0167569)
bones/1/scale = Vector3(0.999998, 1.02675, 1)
bones/2/rest = Transform3D(-0.455541, -0.890056, -2.77627e-05, 0.890258, -0.455438, 6.07619e-06, -1.80564e-05, -2.1943e-05, 1, 2.55576e-06, 0.389355, -1.07678e-06)
bones/2/position = Vector3(8.52556e-07, 0.389355, -9.82567e-07)
bones/2/rotation = Quaternion(-3.89395e-05, 5.43673e-05, 0.00256851, 0.999997)
bones/2/scale = Vector3(0.999999, 1, 1)
bones/3/rest = Transform3D(-0.121292, 0.201095, 0.972032, -0.00559544, 0.979317, -0.203214, -0.992558, -0.030095, -0.117638, 0, 0.427942, -2.04891e-08)
bones/3/rotation = Quaternion(0.281402, 0.531925, -0.312911, 0.734816)
bones/3/scale = Vector3(0.999298, 0.989423, 0.986062)
bones/4/rest = Transform3D(-0.995812, 0.0871482, 0.0276395, 0.0860959, 0.79226, 0.604102, 0.0307489, 0.604022, -0.796352, 0.000186186, 0.127669, 2.77341e-06)
bones/4/position = Vector3(0.00172384, 0.12762, -0.00308564)
bones/4/rotation = Quaternion(0.103726, 0.943083, 0.314948, -0.0253676)
bones/4/scale = Vector3(1.00017, 0.987598, 1.01208)
bones/5/rest = Transform3D(0.248412, -0.557014, -0.792482, -0.948891, -0.304346, -0.0835259, -0.194663, 0.772731, -0.604149, -0.1019, -0.0260433, 0.00487666)
bones/5/rotation = Quaternion(0.994146, -0.0383585, -0.0135444, 0.100094)
bones/5/scale = Vector3(0.999997, 1.00862, 0.999999)
bones/6/rest = Transform3D(-0.747796, 0.663892, 7.40138e-05, -0.66392, -0.747764, 2.89568e-05, 7.45723e-05, -2.74843e-05, 1, -7.52536e-06, 0.389355, -1.06457e-05)
bones/6/position = Vector3(1.54008e-06, 0.389355, 3.15617e-07)
bones/6/rotation = Quaternion(3.23881e-06, 2.1178e-05, 0.00260434, -0.999997)
bones/6/scale = Vector3(1, 1, 1)
bones/7/rest = Transform3D(-0.0125023, 0.15877, -0.987237, -0.300682, 0.941062, 0.155138, 0.953595, 0.298811, 0.0359738, 0, 0.427941, 2.14204e-08)
bones/7/rotation = Quaternion(0.126725, -0.842567, 0.36812, 0.372169)
bones/7/scale = Vector3(0.999927, 0.995915, 0.995663)
bones/8/rest = Transform3D(-0.995971, -0.0856811, -0.0267444, -0.0843971, 0.792489, 0.604018, -0.0305584, 0.603831, -0.79653, -2.18799e-05, 0.127669, -3.21979e-05)
bones/8/position = Vector3(-0.000885466, 0.127664, -0.000791119)
bones/8/rotation = Quaternion(-0.0580759, 0.946252, 0.318071, 0.00813722)
bones/8/scale = Vector3(1.00002, 0.995895, 1.00408)
bones/9/rest = Transform3D(0.961018, -0.15548, -0.228629, 0.0638917, 0.929406, -0.363486, 0.269004, 0.334709, 0.90311, -8.21189e-09, 0.120389, -8.27509e-08)
bones/9/rotation = Quaternion(-0.121236, -0.147591, 0.0121751, 0.981515)
bones/9/scale = Vector3(1, 1, 1)
bones/10/rest = Transform3D(0.999332, -0.00190861, 0.0364743, 0.00454551, 0.997368, -0.0723491, -0.0362402, 0.0724666, 0.996711, -2.99912e-09, 0.185117, 9.19568e-08)
bones/10/rotation = Quaternion(-0.0702559, 0.00329326, 0.000231943, 0.997524)
bones/10/scale = Vector3(0.999999, 0.999999, 0.999999)
bones/11/rest = Transform3D(0.999912, 0.000820765, 0.0131062, 0.00170697, 0.981454, -0.191692, -0.0130205, 0.191698, 0.981367, -1.00061e-10, 0.246004, -1.11926e-07)
bones/11/rotation = Quaternion(0.313699, 0.00638646, 0.0021101, 0.949499)
bones/11/scale = Vector3(0.999998, 1, 0.999999)
bones/12/rest = Transform3D(0.999996, -0.000918056, -0.00337103, 0.00153288, 0.982322, 0.187196, 0.00313957, -0.187199, 0.98232, 2.67301e-09, 0.0829916, -3.29217e-08)
bones/12/rotation = Quaternion(-0.16917, -0.00666159, -0.00113573, 0.985564)
bones/13/rest = Transform3D(-0.272053, -0.948632, -0.161505, -0.135698, 0.203978, -0.969526, 0.952667, -0.241846, -0.184221, -0.0436114, 0.180818, 0.0252572)
bones/13/position = Vector3(-0.0436113, 0.180816, 0.0252583)
bones/13/rotation = Quaternion(-0.467322, 0.609821, -0.50793, -0.389533)
bones/13/scale = Vector3(1, 0.999999, 1)
bones/14/rest = Transform3D(-0.73732, 0.20745, 0.642903, 0.139431, 0.977923, -0.155645, -0.660998, -0.025119, -0.749968, 4.6567e-07, 0.135449, -1.85073e-07)
bones/14/rotation = Quaternion(0.427482, 0.522335, 0.36778, 0.639658)
bones/14/scale = Vector3(1, 1, 1)
bones/15/rest = Transform3D(0.8562, -0.35217, 0.377937, 0.509965, 0.693293, -0.508962, -0.0828004, 0.628352, 0.773384, 3.3531e-07, 0.261983, 1.1595e-07)
bones/15/rotation = Quaternion(0.311986, 0.126369, 0.236497, 0.911463)
bones/15/scale = Vector3(1, 0.999753, 1)
bones/16/rest = Transform3D(0.839868, 0.0460682, 0.540832, 0.0192523, 0.993481, -0.114482, -0.542446, 0.106588, 0.833306, -4.28479e-07, 0.207321, 1.87865e-07)
bones/16/rotation = Quaternion(0.0577288, 0.282845, -0.00696539, 0.957402)
bones/16/scale = Vector3(0.999999, 1.00024, 1)
bones/17/rest = Transform3D(-0.440454, -0.407643, -0.799894, 0.261287, 0.794184, -0.54862, 0.858927, -0.45063, -0.243291, -0.0491595, 0.0501176, -0.00463527)
bones/17/position = Vector3(-0.0491646, 0.0500859, -0.00461843)
bones/17/rotation = Quaternion(0.0464702, -0.786923, 0.317009, 0.52735)
bones/17/scale = Vector3(1.00001, 0.999984, 1)
bones/18/rest = Transform3D(0.804776, -0.103242, -0.584529, 0.133343, 0.991027, 0.00854772, 0.57839, -0.0848207, 0.811346, 1.37214e-05, 0.0210912, -1.01311e-05)
bones/18/position = Vector3(2.88663e-07, 0.0210911, 8.98888e-07)
bones/18/rotation = Quaternion(-0.0242228, -0.306659, 0.0625978, 0.94945)
bones/18/scale = Vector3(0.99999, 0.999995, 1.00001)
bones/19/rest = Transform3D(0.615249, -0.0236467, 0.787975, 0.00766012, 0.999682, 0.0240185, -0.788309, -0.00874138, 0.615221, -2.6077e-08, 0.0270386, 8.00937e-08)
bones/19/rotation = Quaternion(-0.00920785, 0.438728, 0.00859625, 0.898531)
bones/19/scale = Vector3(1.00001, 1, 0.99999)
bones/20/rest = Transform3D(0.967815, -0.136552, 0.211409, -0.215873, -0.0185645, 0.97624, -0.129383, -0.990462, -0.0474442, 0.0245642, 0.0860776, -0.00148919)
bones/20/position = Vector3(0.0245621, 0.0860409, -0.00147576)
bones/20/rotation = Quaternion(-0.713077, 0.123776, -0.0283918, 0.689489)
bones/20/scale = Vector3(1, 1, 0.999995)
bones/21/rest = Transform3D(0.998946, 0.00877118, -0.0450452, 0.0400161, 0.314073, 0.948541, 0.0224673, -0.949376, 0.31338, 2.79397e-09, 0.0220773, 1.49594e-07)
bones/21/rotation = Quaternion(-0.274525, -0.050525, 0.040475, 0.959475)
bones/21/scale = Vector3(1, 1.00002, 0.999983)
bones/22/rest = Transform3D(0.999774, 0.0204659, 0.00559341, -0.0116546, 0.309462, 0.950851, 0.0177291, -0.950678, 0.309639, 1.86265e-09, 0.0315887, 7.10425e-08)
bones/22/rotation = Quaternion(-0.587469, -0.00381376, -0.00984869, 0.809178)
bones/22/scale = Vector3(0.999999, 0.999987, 1.00001)
bones/23/rest = Transform3D(0.945242, -0.0816654, 0.316006, -0.209052, 0.592013, 0.778348, -0.250646, -0.801748, 0.542546, -0.00260012, 0.0868997, 0.000367024)
bones/23/position = Vector3(-0.00260177, 0.0868646, 0.00038214)
bones/23/rotation = Quaternion(-0.450182, 0.161463, -0.0363564, 0.877464)
bones/23/scale = Vector3(1, 0.999975, 1.00002)
bones/24/rest = Transform3D(0.999121, 0.0396429, 0.0134959, -0.0198834, 0.165447, 0.986015, 0.0368555, -0.985425, 0.166089, -2.79397e-09, 0.0279773, 1.04701e-08)
bones/24/rotation = Quaternion(-0.64571, -0.00769499, -0.0194433, 0.763297)
bones/24/scale = Vector3(0.999998, 1, 0.999997)
bones/25/rest = Transform3D(0.998556, 0.0536709, -0.00163286, -0.00809025, 0.180444, 0.983552, 0.0530828, -0.982119, 0.180618, 9.31323e-10, 0.0270531, 4.46016e-09)
bones/25/rotation = Quaternion(-0.639766, -0.0177411, -0.0200564, 0.768103)
bones/25/scale = Vector3(0.999999, 0.999999, 1)
bones/26/rest = Transform3D(0.955285, -0.0542959, 0.290676, -0.191692, 0.634734, 0.74858, -0.225149, -0.770786, 0.595971, -0.03224, 0.0834547, -0.00189877)
bones/26/position = Vector3(-0.0322425, 0.0834219, -0.00188275)
bones/26/rotation = Quaternion(-0.425603, 0.144516, -0.0385396, 0.892464)
bones/26/scale = Vector3(1, 0.999974, 1.00002)
bones/27/rotation = Quaternion(-0.583527, 0.00193091, -0.0536865, 0.810315)
bones/27/scale = Vector3(1, 1.00001, 0.999995)
bones/28/rest = Transform3D(0.99814, 0.0375708, 0.0479734, -0.0566006, 0.280053, 0.95831, 0.0225694, -0.959255, 0.281656, -1.39698e-09, 0.0307386, 1.13505e-08)
bones/28/rotation = Quaternion(-0.59928, 0.00781382, -0.029632, 0.799953)
bones/28/scale = Vector3(0.999998, 1, 0.999995)
bones/29/rest = Transform3D(-0.272836, 0.940456, 0.202738, 0.114127, 0.240884, -0.963821, -0.955267, -0.239827, -0.173053, 0.0435932, 0.180818, 0.0252577)
bones/29/position = Vector3(0.0435933, 0.180816, 0.0252588)
bones/29/rotation = Quaternion(0.46739, 0.609865, -0.507782, 0.389575)
bones/29/scale = Vector3(1, 1, 1)
bones/30/rest = Transform3D(-0.720882, -0.230454, -0.653621, -0.364073, 0.928411, 0.0741981, 0.589729, 0.291454, -0.753176, 1.167e-07, 0.135449, -4.08682e-07)
bones/30/rotation = Quaternion(-0.427501, 0.522358, 0.367645, -0.639705)
bones/30/scale = Vector3(1, 1, 1)
bones/31/rest = Transform3D(0.856102, 0.352359, -0.37804, -0.510127, 0.693358, -0.50888, 0.0828138, 0.628459, 0.773387, -2.81362e-08, 0.261983, 2.54717e-07)
bones/31/rotation = Quaternion(0.311971, -0.126405, -0.236582, 0.911441)
bones/31/scale = Vector3(1, 0.999931, 1)
bones/32/rest = Transform3D(0.840064, -0.0467088, -0.540473, -0.0186091, 0.993288, -0.114755, 0.542168, 0.106466, 0.833499, 4.08294e-08, 0.207321, 1.71012e-07)
bones/32/position = Vector3(-7.15925e-07, 0.207321, 2.43388e-06)
bones/32/rotation = Quaternion(0.057768, -0.282683, 0.00732747, 0.957444)
bones/32/scale = Vector3(0.999999, 1.00007, 1)
bones/33/rest = Transform3D(-0.439897, 0.407724, 0.800157, -0.260675, 0.794658, -0.548235, -0.859387, -0.449744, -0.243284, 0.0491439, 0.0500866, -0.0046556)
bones/33/position = Vector3(0.0491431, 0.0500877, -0.00465477)
bones/33/rotation = Quaternion(0.046703, 0.787035, -0.316929, 0.52721)
bones/33/scale = Vector3(1, 0.999996, 1)
bones/34/rest = Transform3D(0.804018, 0.103542, 0.58552, -0.133274, 0.991047, 0.00775509, -0.579471, -0.0842697, 0.810626, 2.32831e-08, 0.0210913, -1.86265e-08)
bones/34/rotation = Quaternion(-0.0241585, 0.306849, -0.0624171, 0.949402)
bones/34/scale = Vector3(0.999996, 0.999998, 1)
bones/35/rest = Transform3D(0.615341, 0.0232765, -0.787917, -0.0070598, 0.999686, 0.024019, 0.788233, -0.00921731, 0.615309, -2.23517e-08, 0.0270386, 1.86265e-09)
bones/35/rotation = Quaternion(-0.00919865, -0.43853, -0.0083645, 0.89863)
bones/35/scale = Vector3(1, 0.999999, 0.999997)
bones/36/rest = Transform3D(0.967759, 0.135734, -0.21218, 0.216606, -0.0185403, 0.976081, 0.128554, -0.990573, -0.047343, -0.0246037, 0.0860433, -0.00150625)
bones/36/position = Vector3(-0.0246053, 0.0860427, -0.0015069)
bones/36/rotation = Quaternion(-0.713035, -0.123602, 0.0292086, 0.68953)
bones/36/scale = Vector3(1, 1, 0.999998)
bones/37/rest = Transform3D(0.998955, -0.00939243, 0.044722, -0.0395146, 0.314043, 0.948582, -0.0229542, -0.949367, 0.313341, 7.45058e-09, 0.0220774, 1.16415e-08)
bones/37/rotation = Quaternion(-0.585551, 0.0207869, -0.00922037, 0.810316)
bones/37/scale = Vector3(1, 1, 0.999995)
bones/38/rest = Transform3D(0.999763, -0.0209747, -0.00569872, 0.011914, 0.309553, 0.95081, -0.0181789, -0.950647, 0.309731, 1.86265e-09, 0.0315886, -3.87954e-08)
bones/38/rotation = Quaternion(-0.587466, 0.00385781, 0.0101542, 0.809176)
bones/38/scale = Vector3(1, 0.999996, 1)
bones/39/rest = Transform3D(0.945291, 0.0805129, -0.31614, 0.209787, 0.592093, 0.778085, 0.249831, -0.801829, 0.542816, 0.00256132, 0.0868699, 0.000348789)
bones/39/position = Vector3(0.00255961, 0.0868697, 0.000348689)
bones/39/rotation = Quaternion(-0.450104, -0.161248, 0.0368453, 0.877524)
bones/39/scale = Vector3(1, 0.999993, 1.00001)
bones/40/rest = Transform3D(0.9991, -0.0400849, -0.0138279, 0.0202833, 0.165411, 0.986015, -0.037237, -0.985411, 0.166074, 9.31323e-10, 0.0279775, 1.59635e-08)
bones/40/rotation = Quaternion(-0.645696, 0.00768163, 0.0197525, 0.763301)
bones/40/scale = Vector3(1, 1, 0.999998)
bones/41/rest = Transform3D(0.998539, -0.0540216, 0.00127977, 0.0085069, 0.180542, 0.98353, -0.0533629, -0.982083, 0.180738, -2.09548e-09, 0.027053, -5.32782e-08)
bones/41/rotation = Quaternion(-0.639762, 0.0177705, 0.0203457, 0.768098)
bones/42/rest = Transform3D(0.955325, 0.0531466, -0.290744, 0.192406, 0.634881, 0.748269, 0.224356, -0.77077, 0.5963, 0.0322058, 0.083429, -0.00191951)
bones/42/position = Vector3(0.0322043, 0.0834298, -0.00191835)
bones/42/rotation = Quaternion(-0.425481, -0.144288, 0.0390203, 0.892538)
bones/42/scale = Vector3(1, 0.999993, 1.00001)
bones/43/rest = Transform3D(0.994153, -0.085335, -0.0661572, 0.0898015, 0.313237, 0.945418, -0.0599544, -0.945835, 0.319067, 0, 0.0306827, -4.79922e-08)
bones/43/rotation = Quaternion(-0.583503, -0.00190842, 0.054007, 0.810311)
bones/43/scale = Vector3(1, 1, 0.999998)
bones/44/rest = Transform3D(0.99809, -0.03859, -0.0482221, 0.057124, 0.279939, 0.958315, -0.0234821, -0.959244, 0.281608, -4.65661e-10, 0.0307386, 1.49055e-07)
bones/44/rotation = Quaternion(-0.599265, -0.00776477, 0.0298958, 0.799954)
bones/44/scale = Vector3(0.999999, 1, 0.999998)

[node name="IK3DSpine" type="SkeletonIK3D" parent="root/Skeleton3D" index="1"]
root_bone = &"spine_01"
tip_bone = &"spine_02"

[node name="IK3DNeck" type="SkeletonIK3D" parent="root/Skeleton3D" index="2"]
root_bone = &"neck_01"
tip_bone = &"head"

[node name="IK3DRightLeg" type="SkeletonIK3D" parent="root/Skeleton3D" index="3"]
transform = Transform3D(0.679282, 0.718983, -0.147099, -0.589214, 0.653805, 0.474727, 0.437495, -0.235801, 0.867753, 0, 0, 0)
root_bone = &"thigh.r"
tip_bone = &"foot.r"
override_tip_basis = false
use_magnet = true

[node name="IK3DRightFoot" type="SkeletonIK3D" parent="root/Skeleton3D" index="4"]
transform = Transform3D(0.679282, 0.718983, -0.147099, -0.589214, 0.653805, 0.474727, 0.437495, -0.235801, 0.867753, 0, 0, 0)
root_bone = &"foot.r"
tip_bone = &"ball.r"
use_magnet = true

[node name="IK3DRightArm" type="SkeletonIK3D" parent="root/Skeleton3D" index="5"]
transform = Transform3D(0.392619, -0.379366, 0.837814, 0.628028, 0.776092, 0.0571094, -0.671886, 0.503749, 0.542961, 0, 0, 0)
root_bone = &"upperarm.r"
tip_bone = &"hand.r"
use_magnet = true

[node name="IK3DLeftLeg" type="SkeletonIK3D" parent="root/Skeleton3D" index="6"]
transform = Transform3D(0.679282, 0.718983, -0.147099, -0.589214, 0.653805, 0.474727, 0.437495, -0.235801, 0.867753, 0, 0, 0)
root_bone = &"thigh.l"
tip_bone = &"foot.l"
override_tip_basis = false
use_magnet = true

[node name="IK3DLeftFoot" type="SkeletonIK3D" parent="root/Skeleton3D" index="7"]
transform = Transform3D(0.679282, 0.718983, -0.147099, -0.589214, 0.653805, 0.474727, 0.437495, -0.235801, 0.867753, 0, 0, 0)
root_bone = &"foot.l"
tip_bone = &"ball.l"
use_magnet = true

[node name="IK3DLeftArm" type="SkeletonIK3D" parent="root/Skeleton3D" index="8"]
transform = Transform3D(0.392619, -0.379366, 0.837814, 0.628028, 0.776092, 0.0571094, -0.671886, 0.503749, 0.542961, 0, 0, 0)
root_bone = &"upperarm.l"
tip_bone = &"hand.l"
use_magnet = true
